[33851, 216, 0, 0, 5916, 1236, 8104, 1826, 0, 0, 34, 11626, 0, 0, 0, 0, 0, 0, 0, 0, 2851, 469, 1266, 15, 1319, 118, 2461, 17349, 0, 0, 0, 1420, 0, 0, 0, 0, 0, 0, 0, 0, 0, 2, 179, 510, 0, 0, 3, 3093, 0, 0, 0, 0, 0, 0, 0, 0, 0, 0, 0, 0, 0, 0, 0, 4440]
[41008, 190, 0, 0, 7102, 1357, 0, 0, 0, 0, 0, 0, 0, 0, 0, 0, 3664, 30, 0, 0, 18384, 6687, 120, 0, 573, 96, 92, 0, 0, 0, 0, 0, 3, 0, 0, 0, 735, 1233, 1, 0, 7, 527, 909, 31, 0, 0, 18, 79, 0, 0, 0, 0, 0, 4, 0, 0, 0, 212, 127, 2, 0, 1, 221, 14891]
[39147, 283, 0, 0, 7448, 735, 0, 0, 0, 0, 0, 0, 0, 0, 0, 0, 2313, 53, 0, 0, 19470, 9611, 2187, 0, 371, 6076, 833, 0, 0, 0, 0, 0, 569, 0, 0, 0, 1059, 1216, 77, 0, 0, 484, 2090, 1729, 0, 0, 0, 45, 0, 0, 0, 0, 5, 25, 0, 0, 0, 135, 497, 87, 0, 2, 489, 1268]
[19553, 1128, 0, 0, 31876, 8799, 41, 0, 4, 0, 0, 0, 0, 0, 0, 0, 184, 14, 0, 0, 8145, 10666, 6339, 0, 719, 3854, 2814, 0, 0, 0, 0, 0, 0, 0, 0, 0, 0, 89, 3, 0, 0, 353, 595, 714, 0, 2, 9, 348, 0, 0, 0, 0, 0, 0, 0, 0, 0, 0, 5, 2, 0, 0, 9, 2039]
[17993, 226, 0, 0, 14395, 5561, 25, 0, 445, 2, 0, 0, 0, 0, 0, 0, 16, 0, 0, 0, 5934, 4710, 3660, 0, 18160, 15210, 3339, 0, 0, 1, 0, 0, 0, 0, 0, 0, 3, 34, 0, 0, 0, 708, 2936, 1585, 0, 5, 17, 989, 0, 0, 0, 0, 0, 0, 0, 0, 0, 4, 28, 0, 0, 0, 151, 2167]
[14593, 461, 0, 0, 3610, 2956, 0, 0, 0, 0, 0, 0, 0, 0, 0, 0, 3, 18, 0, 0, 2951, 8723, 1258, 0, 29407, 4158, 5941, 0, 0, 0, 0, 0, 0, 0, 0, 0, 1, 1, 0, 0, 8678, 997, 2787, 25, 694, 451, 4, 71, 0, 0, 0, 0, 0, 0, 0, 0, 0, 1, 6, 1, 41, 59, 7, 10401]
[19243, 145, 0, 0, 5127, 397, 0, 0, 0, 0, 0, 0, 0, 0, 0, 0, 1328, 0, 0, 0, 21630, 5714, 36, 0, 16998, 3297, 113, 0, 0, 0, 0, 0, 0, 0, 0, 0, 394, 917, 0, 0, 0, 826, 274, 154, 0, 0, 16, 7531, 0, 0, 0, 0, 0, 0, 0, 0, 0, 4, 6, 0, 0, 0, 17, 14137]
[37355, 0, 0, 0, 23101, 320, 0, 0, 0, 0, 0, 0, 0, 0, 0, 0, 273, 0, 0, 0, 12409, 4266, 0, 0, 3317, 1928, 27, 0, 0, 0, 0, 0, 3, 0, 0, 0, 214, 206, 0, 0, 0, 315, 988, 2, 0, 5, 191, 436, 0, 0, 0, 0, 0, 14, 0, 0, 0, 12, 189, 0, 0, 0, 200, 12533]
[14307, 76, 0, 0, 6727, 161, 2, 0, 0, 0, 0, 0, 0, 0, 0, 0, 2709, 1, 0, 0, 26895, 1348, 11599, 0, 4722, 938, 7974, 3045, 0, 0, 0, 0, 217, 17, 0, 0, 603, 219, 0, 0, 350, 1603, 9267, 5047, 0, 38, 9, 22, 59, 18, 0, 0, 30, 43, 12, 0, 12, 35, 83, 6, 0, 2, 16, 92]
[24291, 463, 0, 0, 8392, 593, 6, 0, 0, 0, 0, 0, 0, 0, 0, 0, 34, 0, 0, 0, 24600, 2481, 4683, 1315, 1147, 521, 1132, 10560, 0, 0, 0, 0, 0, 0, 0, 0, 5, 11, 0, 0, 80, 2365, 2185, 10756, 0, 17, 169, 359, 0, 0, 0, 0, 0, 0, 0, 0, 0, 0, 43, 0, 0, 1, 1726, 369]
[16877, 7633, 0, 0, 1072, 662, 0, 0, 0, 0, 0, 0, 0, 0, 0, 0, 2115, 91, 0, 0, 34989, 5517, 12893, 5, 1804, 157, 1987, 1132, 0, 0, 0, 0, 1, 0, 0, 0, 173, 161, 1, 0, 589, 1014, 2733, 4587, 0, 0, 33, 163, 0, 0, 0, 0, 0, 0, 0, 0, 2, 53, 39, 2, 0, 1, 146, 1672]
[9804, 228, 0, 0, 6906, 1433, 3, 0, 0, 0, 0, 0, 0, 0, 0, 0, 776, 20, 0, 0, 19854, 3233, 251, 0, 24621, 5710, 481, 29, 0, 0, 0, 0, 131, 17, 0, 0, 600, 158, 27, 0, 644, 2636, 1456, 4604, 0, 40, 21, 2962, 53, 66, 0, 0, 12, 10, 0, 0, 54, 157, 23, 3, 0, 23, 121, 11137]
[28546, 36, 0, 0, 30576, 699, 42, 0, 0, 0, 0, 0, 0, 0, 0, 0, 0, 0, 0, 0, 7435, 1446, 156, 0, 1130, 508, 919, 2262, 0, 0, 0, 0, 0, 0, 0, 0, 0, 0, 0, 0, 13, 40, 871, 2567, 0, 0, 216, 9217, 0, 0, 0, 0, 0, 0, 0, 0, 0, 0, 0, 0, 0, 0, 7, 11618]
[9147, 281, 0, 0, 6904, 854, 0, 0, 0, 0, 0, 0, 0, 0, 0, 0, 1663, 7, 0, 0, 30994, 2412, 74, 0, 25070, 5484, 140, 11, 0, 0, 0, 0, 235, 13, 0, 0, 1863, 502, 8, 0, 1344, 7591, 784, 386, 0, 76, 63, 14, 69, 118, 0, 0, 0, 47, 3, 0, 3, 54, 285, 29, 0, 1, 670, 1105]
[6307, 0, 0, 0, 516, 1, 0, 0, 0, 0, 0, 0, 0, 0, 0, 0, 3375, 4, 0, 0, 14592, 621, 0, 0, 1896, 718, 0, 0, 0, 0, 0, 0, 255, 0, 0, 0, 3205, 595, 1, 0, 18762, 15524, 343, 324, 1, 81, 176, 16282, 0, 0, 0, 0, 50, 42, 0, 0, 527, 2534, 143, 0, 12, 2177, 516, 8724]
[8458, 46, 0, 0, 560, 50, 0, 0, 0, 0, 0, 0, 0, 0, 0, 0, 639, 2, 0, 0, 32424, 3317, 11, 0, 6901, 6777, 7, 0, 0, 0, 0, 0, 0, 0, 0, 0, 129, 407, 0, 0, 484, 11060, 492, 1743, 0, 3, 21, 8657, 0, 0, 0, 0, 0, 0, 0, 0, 0, 7, 46, 0, 0, 0, 104, 15959]
[6628, 147, 139, 0, 2601, 75, 9867, 242, 0, 0, 0, 0, 0, 0, 0, 0, 346, 1, 0, 0, 23103, 1488, 8775, 2937, 3361, 1750, 956, 9251, 0, 0, 0, 0, 0, 0, 0, 0, 28, 32, 0, 0, 528, 1551, 1054, 11229, 0, 19, 48, 7057, 0, 0, 0, 0, 0, 0, 0, 0, 0, 3, 1, 1, 0, 2, 108, 4976]
[20135, 615, 1007, 0, 7860, 401, 5071, 67, 0, 0, 0, 0, 0, 0, 0, 0, 77, 3, 0, 0, 10772, 1810, 12610, 2563, 22, 144, 3626, 8524, 0, 0, 0, 0, 13, 9, 0, 0, 2, 12, 0, 0, 0, 167, 4605, 13403, 0, 0, 9, 2427, 0, 0, 0, 0, 0, 0, 0, 0, 0, 0, 0, 1, 0, 0, 27, 2322]
[1476, 0, 0, 0, 1133, 384, 292, 0, 0, 14, 196, 0, 0, 0, 0, 0, 302, 2, 0, 0, 12339, 1172, 1165, 0, 2913, 358, 2346, 0, 0, 0, 0, 0, 1, 0, 0, 0, 1589, 36, 4, 0, 13012, 334, 670, 12, 29, 8, 76, 144, 0, 0, 0, 0, 31, 0, 0, 0, 1406, 195, 38, 2, 93, 219, 222, 18288]
[22892, 1, 0, 0, 403, 0, 0, 0, 0, 0, 0, 0, 0, 0, 0, 0, 9243, 2, 0, 0, 23942, 739, 0, 0, 130, 7, 0, 0, 0, 0, 0, 0, 1291, 0, 0, 0, 22043, 1643, 0, 0, 7768, 1744, 50, 0, 0, 0, 0, 0, 11, 0, 0, 0, 2823, 147, 0, 0, 2475, 736, 70, 0, 97, 33, 14, 0]
[16006, 52, 0, 0, 1938, 535, 6, 0, 0, 0, 0, 0, 0, 0, 0, 0, 6224, 9, 0, 0, 16284, 7327, 592, 0, 1266, 1754, 1278, 51, 0, 0, 0, 0, 1545, 27, 0, 0, 7119, 5865, 4, 0, 3379, 9100, 2062, 1347, 0, 48, 318, 11425, 7, 8, 0, 0, 158, 335, 0, 0, 249, 1156, 90, 0, 0, 197, 415, 128]
[14487, 0, 0, 0, 6572, 11, 0, 0, 0, 0, 0, 0, 0, 0, 0, 0, 9019, 0, 0, 0, 28772, 766, 0, 0, 9829, 7740, 0, 0, 0, 0, 0, 0, 3501, 191, 0, 0, 3553, 898, 0, 0, 3807, 8786, 108, 0, 0, 14, 49, 1, 1, 3, 0, 0, 2, 70, 0, 0, 9, 58, 6, 0, 0, 2, 33, 16]
[11369, 0, 0, 0, 4174, 38, 0, 0, 0, 0, 0, 0, 0, 0, 0, 0, 866, 0, 0, 0, 17597, 3110, 210, 0, 2468, 723, 402, 0, 0, 0, 0, 0, 0, 0, 0, 0, 3520, 1425, 4, 0, 12009, 19884, 5370, 11, 602, 9056, 30, 173, 0, 0, 0, 0, 0, 0, 0, 0, 1917, 1162, 181, 0, 304, 1604, 87, 8]
[7028, 200, 0, 0, 9337, 1489, 2947, 584, 0, 0, 0, 0, 0, 0, 0, 0, 38, 9, 0, 0, 12138, 5938, 12403, 1619, 6632, 1071, 1486, 23650, 0, 0, 0, 0, 0, 0, 0, 0, 6, 35, 56, 0, 9278, 1907, 356, 23, 0, 20, 13, 0, 0, 0, 0, 0, 0, 0, 0, 0, 0, 0, 2, 8, 0, 1, 25, 5]
[5762, 0, 0, 0, 2157, 125, 11, 0, 0, 0, 0, 0, 0, 0, 0, 0, 1665, 7, 0, 0, 9279, 3094, 809, 0, 3790, 2553, 1867, 0, 0, 0, 0, 0, 1016, 36, 0, 0, 1169, 556, 0, 0, 9949, 28220, 5396, 2391, 45, 507, 671, 12640, 139, 65, 0, 0, 128, 225, 0, 0, 71, 1572, 10, 0, 6, 1912, 73, 388]
[27876, 632, 1, 0, 8322, 1658, 22, 0, 0, 0, 0, 0, 0, 0, 0, 0, 3862, 151, 0, 0, 16129, 7251, 692, 100, 1825, 6033, 275, 187, 0, 0, 0, 0, 388, 297, 0, 0, 3942, 3118, 35, 0, 2411, 7272, 576, 256, 65, 1113, 105, 41, 0, 11, 0, 0, 47, 513, 28, 0, 70, 1482, 104, 1, 67, 1106, 145, 95]
[7971, 3, 0, 0, 2793, 49, 0, 0, 0, 0, 0, 0, 0, 0, 0, 0, 4915, 12, 0, 0, 17911, 1581, 5, 0, 6245, 1946, 132, 12, 210, 345, 0, 0, 591, 43, 0, 0, 10125, 2995, 0, 0, 10992, 8454, 455, 46, 143, 13454, 134, 826, 0, 20, 0, 0, 188, 365, 0, 0, 1146, 2948, 63, 5, 141, 949, 87, 4]
[28921, 0, 0, 0, 0, 0, 0, 0, 0, 0, 0, 0, 0, 0, 0, 0, 17981, 0, 0, 0, 69, 22, 0, 0, 0, 0, 0, 0, 0, 0, 0, 0, 9640, 0, 0, 0, 3819, 18, 0, 0, 0, 0, 0, 0, 0, 0, 0, 0, 85, 0, 0, 0, 25695, 0, 0, 0, 8628, 0, 0, 0, 1095, 262, 219, 1850]
[24032, 0, 0, 0, 0, 0, 0, 0, 0, 0, 0, 0, 0, 0, 0, 0, 10482, 1, 0, 0, 1186, 24, 0, 0, 0, 0, 0, 0, 0, 0, 0, 0, 5765, 2, 0, 0, 17458, 115, 0, 0, 9, 0, 0, 0, 0, 0, 0, 0, 1468, 0, 0, 0, 19560, 264, 0, 0, 5806, 180, 1, 0, 10972, 188, 141, 650]
[12292, 0, 0, 0, 7, 0, 0, 0, 0, 0, 0, 0, 0, 0, 0, 0, 6880, 0, 0, 0, 15663, 307, 0, 0, 0, 0, 0, 0, 0, 0, 0, 0, 1, 0, 0, 0, 39394, 1201, 0, 0, 127, 367, 0, 0, 0, 0, 0, 0, 0, 0, 0, 0, 14942, 3, 0, 0, 6199, 921, 0, 0, 0, 0, 0, 0]
[21061, 0, 0, 0, 0, 0, 0, 0, 0, 0, 0, 0, 0, 0, 0, 0, 13690, 0, 0, 0, 6179, 0, 0, 0, 0, 0, 0, 0, 0, 0, 0, 0, 1078, 0, 0, 0, 43003, 5, 0, 0, 0, 1, 0, 0, 0, 0, 0, 0, 0, 0, 0, 0, 12472, 3, 0, 0, 623, 16, 0, 0, 85, 88, 0, 0]
[11147, 0, 0, 0, 0, 0, 0, 0, 0, 0, 0, 0, 0, 0, 0, 0, 1553, 0, 0, 0, 0, 0, 0, 0, 0, 0, 0, 0, 0, 0, 0, 0, 1330, 2, 0, 0, 0, 0, 0, 0, 0, 0, 0, 0, 0, 0, 0, 0, 76498, 930, 0, 0, 2177, 4667, 0, 0, 0, 0, 0, 0, 0, 0, 0, 0]
[29673, 0, 0, 0, 0, 0, 0, 0, 0, 0, 0, 0, 0, 0, 0, 0, 21890, 0, 0, 0, 45, 1, 0, 0, 0, 0, 0, 0, 0, 0, 0, 0, 9025, 5, 0, 0, 12979, 176, 0, 0, 23, 38, 0, 0, 0, 0, 0, 0, 213, 0, 0, 0, 18349, 102, 0, 0, 5615, 170, 0, 0, 0, 0, 0, 0]
[13593, 25932, 1359, 0, 0, 104, 743, 0, 0, 0, 0, 0, 0, 0, 0, 0, 8557, 14654, 136, 0, 0, 3091, 6208, 0, 0, 0, 0, 0, 0, 0, 0, 0, 811, 5565, 0, 0, 2, 7040, 618, 0, 0, 0, 0, 0, 0, 0, 0, 0, 4, 391, 0, 0, 0, 8876, 585, 0, 0, 1, 34, 0, 0, 0, 0, 0]
[25448, 6986, 0, 0, 271, 3030, 455, 3, 0, 0, 0, 4, 0, 0, 0, 0, 163, 3, 0, 0, 3518, 2321, 1621, 134, 7077, 322, 978, 9143, 0, 0, 0, 540, 0, 0, 0, 0, 29, 46, 0, 0, 12318, 3339, 519, 1972, 12, 158, 1, 13663, 0, 0, 0, 0, 0, 0, 0, 0, 0, 50, 61, 0, 0, 17, 144, 3958]
[34113, 0, 0, 0, 0, 0, 0, 0, 0, 0, 0, 0, 0, 0, 0, 0, 13308, 7, 0, 0, 46, 31, 0, 0, 0, 0, 0, 0, 0, 0, 0, 0, 10225, 8, 0, 0, 13338, 912, 0, 0, 0, 5, 0, 0, 0, 0, 0, 0, 829, 17, 0, 0, 21165, 1268, 0, 0, 2752, 273, 7, 0, 0, 0, 0, 0]
[33890, 434, 0, 0, 2442, 3162, 5, 0, 0, 0, 0, 0, 0, 0, 0, 0, 5170, 250, 0, 0, 708, 2216, 777, 0, 0, 398, 773, 0, 0, 0, 0, 0, 10343, 637, 0, 0, 138, 1881, 145, 0, 0, 68, 281, 0, 0, 0, 2, 0, 16223, 2158, 0, 0, 2193, 9761, 341, 0, 2, 1837, 2066, 1, 0, 1, 1, 0]
[70955, 0, 0, 0, 0, 0, 0, 0, 0, 0, 0, 0, 0, 0, 0, 0, 1078, 0, 0, 0, 132, 6, 0, 0, 0, 0, 0, 0, 0, 0, 0, 0, 17610, 20, 0, 0, 347, 102, 0, 0, 228, 81, 5, 0, 0, 0, 0, 0, 3697, 770, 0, 0, 232, 1715, 16, 0, 5, 123, 838, 0, 0, 0, 331, 13]
[83828, 418, 1, 0, 3, 59, 29, 0, 0, 0, 0, 0, 0, 0, 0, 0, 2344, 185, 0, 0, 465, 822, 176, 0, 0, 0, 0, 0, 0, 0, 0, 0, 4952, 29, 0, 0, 140, 728, 54, 0, 0, 41, 420, 19, 0, 0, 112, 18, 465, 20, 0, 0, 114, 824, 26, 0, 0, 44, 804, 55, 0, 0, 566, 543]
[20106, 0, 0, 0, 0, 0, 0, 0, 0, 0, 0, 0, 0, 0, 0, 0, 36497, 0, 0, 0, 0, 0, 0, 0, 0, 0, 0, 0, 0, 0, 0, 0, 35398, 3, 0, 0, 102, 9, 0, 0, 0, 2, 0, 0, 0, 0, 0, 0, 2029, 1, 0, 0, 3307, 65, 1, 0, 639, 33, 3, 0, 35, 47, 27, 0]
[28870, 0, 0, 0, 0, 0, 0, 0, 0, 0, 0, 0, 0, 0, 0, 0, 23883, 0, 0, 0, 38, 4, 0, 0, 0, 0, 0, 0, 0, 0, 0, 0, 15219, 0, 0, 0, 123, 22, 0, 0, 0, 0, 0, 0, 0, 0, 0, 0, 25037, 0, 0, 0, 4217, 22, 0, 0, 104, 46, 0, 0, 82, 203, 322, 112]
[46416, 1, 0, 0, 0, 0, 0, 0, 0, 0, 0, 0, 0, 0, 0, 0, 11016, 32, 0, 0, 2913, 1093, 0, 0, 0, 0, 0, 0, 0, 0, 0, 0, 724, 0, 0, 0, 11939, 5110, 0, 0, 269, 5765, 492, 0, 0, 0, 0, 0, 0, 0, 0, 0, 1601, 10, 0, 0, 5345, 5231, 10, 0, 324, 13, 0, 0]
[31518, 0, 0, 0, 0, 0, 0, 0, 0, 0, 0, 0, 0, 0, 0, 0, 22371, 15, 0, 0, 17, 59, 0, 0, 0, 0, 0, 0, 0, 0, 0, 0, 23042, 14, 0, 0, 396, 345, 1, 0, 65, 13, 6, 0, 0, 1, 0, 0, 7635, 6, 0, 0, 7468, 271, 1, 0, 3694, 418, 50, 0, 322, 465, 111, 0]
[45989, 0, 0, 0, 0, 0, 0, 0, 0, 0, 0, 0, 0, 0, 0, 0, 18451, 38, 0, 0, 1300, 768, 0, 0, 0, 0, 0, 0, 0, 0, 0, 0, 6967, 40, 0, 0, 5758, 1331, 3, 0, 25, 19, 9, 0, 0, 0, 0, 0, 4859, 31, 0, 0, 6699, 1676, 3, 0, 1662, 1339, 121, 0, 939, 266, 11, 0]
[4, 0, 0, 0, 0, 0, 0, 0, 0, 0, 0, 0, 0, 0, 0, 0, 11, 0, 0, 0, 23, 44, 0, 0, 0, 0, 0, 0, 0, 0, 0, 0, 11, 0, 0, 0, 3, 529, 0, 0, 0, 178, 710, 0, 0, 0, 0, 0, 132, 47, 0, 0, 12, 19271, 0, 0, 0, 1064, 5888, 94, 0, 0, 2266, 68017]
[12637, 4231, 0, 0, 1280, 9336, 3042, 362, 0, 0, 183, 10536, 0, 0, 0, 0, 156, 7, 0, 0, 3739, 4814, 2964, 0, 210, 2836, 3636, 6528, 0, 0, 0, 0, 10, 4, 0, 0, 34, 142, 3, 0, 153, 13297, 5588, 2553, 0, 583, 513, 1537, 0, 0, 0, 0, 0, 67, 0, 0, 0, 115, 121, 16, 0, 136, 3252, 3683]
[1002, 0, 0, 0, 0, 0, 0, 0, 0, 0, 0, 0, 0, 0, 0, 0, 1636, 5, 0, 0, 182, 610, 0, 0, 0, 0, 0, 0, 0, 0, 0, 0, 3131, 0, 0, 0, 356, 527, 2, 0, 22, 3313, 48359, 15, 0, 0, 28, 0, 2577, 0, 0, 0, 3568, 24, 0, 0, 1892, 1782, 13557, 82, 140, 190, 13363, 1941]
[1651, 0, 0, 0, 588, 52, 0, 0, 3, 0, 0, 0, 0, 0, 0, 0, 5085, 0, 0, 0, 588, 1227, 0, 0, 5, 158, 7, 0, 0, 0, 0, 0, 1248, 0, 0, 0, 2517, 1805, 0, 0, 0, 858, 4031, 0, 0, 0, 810, 1549, 2400, 1, 0, 0, 4813, 3087, 0, 0, 0, 785, 6510, 94, 0, 0, 3775, 54657]
[4838, 534, 0, 0, 89, 1567, 3, 0, 0, 0, 0, 0, 0, 0, 0, 0, 1156, 8, 0, 0, 495, 2540, 297, 0, 0, 7, 142, 0, 0, 0, 0, 0, 2126, 0, 0, 0, 535, 522, 32, 0, 49, 381, 6585, 113, 0, 0, 5, 16, 16703, 0, 0, 0, 3645, 130, 0, 0, 984, 921, 15801, 736, 338, 376, 1926, 34704]
[4379, 0, 0, 0, 1132, 0, 0, 0, 0, 0, 0, 0, 0, 0, 0, 0, 694, 0, 0, 0, 1144, 203, 0, 0, 0, 2, 0, 0, 0, 0, 0, 0, 5063, 1, 0, 0, 2362, 855, 0, 0, 84, 654, 584, 0, 0, 0, 4, 0, 2226, 21, 0, 0, 1729, 112, 0, 0, 1405, 1241, 8270, 189, 2, 166, 1514, 64268]
[356, 0, 0, 0, 0, 0, 0, 0, 0, 0, 0, 0, 0, 0, 0, 0, 1634, 19, 0, 0, 220, 827, 0, 0, 0, 0, 0, 0, 0, 0, 0, 0, 3708, 4, 0, 0, 340, 1280, 1, 0, 0, 586, 33379, 0, 0, 0, 33, 5, 5053, 0, 0, 0, 863, 253, 4, 0, 848, 760, 23932, 58, 0, 0, 16122, 8019]
[29840, 0, 0, 0, 1064, 0, 0, 0, 0, 0, 0, 0, 0, 0, 0, 0, 1515, 0, 0, 0, 11435, 12389, 0, 0, 0, 0, 0, 0, 0, 0, 0, 0, 6175, 10, 0, 0, 1017, 2632, 0, 0, 859, 3319, 17031, 0, 0, 0, 14, 0, 5713, 21, 0, 0, 1662, 503, 2, 0, 342, 466, 1962, 1, 0, 11, 273, 48]
[5, 0, 0, 0, 0, 0, 0, 0, 0, 0, 0, 0, 0, 0, 0, 0, 5376, 0, 0, 0, 726, 603, 0, 0, 0, 0, 0, 0, 0, 0, 0, 0, 4949, 0, 0, 0, 2116, 1847, 0, 0, 10, 1138, 1302, 0, 0, 0, 0, 0, 0, 0, 0, 0, 2913, 364, 0, 0, 1171, 624, 12167, 59, 981, 643, 7585, 53725]
[16936, 0, 0, 0, 0, 0, 0, 0, 0, 0, 0, 0, 0, 0, 0, 0, 8324, 0, 0, 0, 174, 16, 0, 0, 0, 0, 0, 0, 0, 0, 0, 0, 9807, 1, 0, 0, 3487, 143, 0, 0, 0, 0, 0, 0, 0, 0, 0, 0, 12737, 3, 0, 0, 46301, 117, 0, 0, 68, 62, 0, 0, 81, 47, 0, 0]
[6110, 0, 0, 0, 0, 0, 0, 0, 0, 0, 0, 0, 0, 0, 0, 0, 14677, 0, 0, 0, 59, 0, 0, 0, 0, 0, 0, 0, 0, 0, 0, 0, 11850, 0, 0, 0, 12060, 76, 0, 0, 22, 1, 0, 0, 0, 0, 0, 0, 29633, 0, 0, 0, 18339, 128, 0, 0, 3168, 199, 0, 0, 101, 771, 447, 663]
[19326, 0, 0, 0, 445, 5, 0, 0, 0, 0, 0, 0, 0, 0, 0, 0, 4863, 0, 0, 0, 3, 57, 0, 0, 0, 1, 0, 0, 0, 0, 0, 0, 2829, 63, 0, 0, 84, 121, 1, 0, 1, 1, 0, 0, 0, 0, 0, 0, 17833, 8333, 0, 0, 2832, 40830, 1, 0, 73, 353, 233, 0, 1, 5, 10, 0]
[30186, 109, 0, 0, 11882, 534, 0, 0, 0, 0, 0, 0, 0, 0, 0, 0, 381, 4, 0, 0, 19872, 3736, 77, 0, 5555, 833, 451, 123, 0, 0, 0, 0, 3, 1, 0, 0, 67, 112, 8, 0, 3834, 1649, 2855, 2830, 0, 3, 173, 1741, 0, 0, 0, 0, 0, 0, 0, 0, 8, 196, 23, 3, 0, 8, 137, 10910]
[25600, 0, 0, 0, 518, 0, 0, 0, 0, 0, 0, 0, 0, 0, 0, 0, 1882, 0, 0, 0, 3602, 4, 0, 0, 44, 3, 0, 0, 0, 0, 0, 0, 1935, 0, 0, 0, 6459, 7, 0, 0, 3134, 482, 0, 0, 0, 1, 0, 0, 407, 0, 0, 0, 50098, 29, 0, 0, 2713, 1058, 0, 0, 6, 280, 42, 0]
[14923, 0, 0, 0, 149, 0, 0, 0, 0, 0, 0, 0, 0, 0, 0, 0, 25972, 2, 0, 0, 347, 48, 0, 0, 253, 53, 0, 0, 0, 0, 0, 0, 29202, 2475, 0, 0, 207, 800, 0, 0, 12, 64, 1, 0, 0, 0, 0, 0, 3478, 7990, 0, 0, 78, 10793, 114, 0, 76, 381, 601, 3, 3, 76, 100, 103]
[1643, 0, 0, 0, 0, 0, 0, 0, 0, 0, 0, 0, 0, 0, 0, 0, 7336, 0, 0, 0, 4065, 21, 0, 0, 0, 0, 0, 0, 0, 0, 0, 0, 1118, 0, 0, 0, 16975, 38, 0, 0, 12894, 342, 0, 0, 1507, 30, 0, 0, 106, 0, 0, 0, 3109, 15, 0, 0, 19305, 2167, 0, 0, 24378, 3255, 0, 0]
[3924, 0, 0, 0, 2144, 417, 0, 0, 106, 90, 1, 0, 0, 0, 0, 0, 3939, 22, 0, 0, 82, 203, 3, 0, 1, 151, 118, 3, 0, 0, 0, 0, 20614, 490, 0, 0, 39, 76, 5, 0, 1, 2, 15, 0, 0, 0, 0, 0, 19032, 32147, 110, 0, 1224, 5425, 4387, 123, 535, 88, 966, 955, 417, 449, 0, 0]
[4250, 0, 0, 0, 54, 0, 0, 0, 0, 0, 0, 0, 0, 0, 0, 0, 18575, 1616, 0, 0, 33, 81, 0, 0, 0, 0, 0, 0, 0, 0, 0, 0, 13465, 15493, 9, 0, 0, 705, 191, 0, 0, 0, 8, 0, 0, 0, 0, 0, 2012, 22495, 1875, 0, 0, 554, 14781, 1845, 0, 0, 134, 128, 0, 0, 0, 0]
[5757, 0, 0, 0, 76, 2, 0, 0, 0, 0, 0, 0, 0, 0, 0, 0, 11615, 7, 0, 0, 164, 98, 0, 0, 563, 0, 0, 0, 0, 0, 0, 0, 27326, 124, 0, 0, 3580, 1304, 0, 0, 1376, 106, 0, 0, 0, 1, 0, 0, 11121, 286, 0, 0, 5188, 10114, 0, 0, 8577, 9593, 966, 0, 14, 296, 50, 0]
[25287, 0, 0, 0, 2074, 105, 0, 0, 0, 0, 0, 0, 0, 0, 0, 0, 1, 0, 0, 0, 3172, 26953, 1, 0, 435, 7659, 874, 155, 0, 0, 0, 0, 0, 0, 0, 0, 129, 41, 0, 0, 106, 7716, 14610, 1166, 3, 135, 525, 474, 0, 0, 0, 0, 0, 0, 0, 0, 0, 114, 194, 5, 0, 0, 1013, 5357]
[53229, 0, 0, 0, 376, 5, 0, 0, 66, 1, 0, 0, 0, 0, 0, 0, 2331, 5, 0, 0, 285, 234, 0, 0, 178, 302, 15, 0, 309, 353, 10, 0, 6903, 618, 0, 0, 702, 1497, 52, 0, 26, 738, 411, 1, 23, 495, 609, 22, 5641, 5706, 24, 0, 194, 7984, 3986, 42, 0, 506, 2552, 750, 0, 18, 397, 708]
[44899, 0, 0, 0, 297, 0, 0, 0, 0, 0, 0, 0, 0, 0, 0, 0, 513, 0, 0, 0, 5609, 584, 0, 0, 307, 94, 0, 0, 0, 0, 0, 0, 0, 0, 0, 0, 3762, 127, 0, 0, 24868, 7456, 140, 0, 0, 0, 0, 0, 0, 0, 0, 0, 0, 0, 0, 0, 3662, 5979, 6, 0, 0, 1, 0, 0]
[23313, 0, 0, 0, 0, 0, 0, 0, 0, 0, 0, 0, 0, 0, 0, 0, 1989, 0, 0, 0, 1120, 8, 0, 0, 0, 0, 0, 0, 0, 0, 0, 0, 524, 0, 0, 0, 5110, 49, 0, 0, 51087, 180, 0, 0, 0, 0, 0, 0, 0, 0, 0, 0, 45, 3, 0, 0, 14760, 116, 0, 0, 0, 0, 0, 0]
[17655, 2686, 0, 0, 11397, 1101, 247, 0, 214, 0, 0, 0, 0, 0, 0, 0, 454, 419, 0, 0, 648, 5909, 7179, 0, 90, 20, 3620, 4081, 0, 0, 0, 226, 4, 0, 0, 0, 6, 362, 409, 0, 0, 148, 5224, 6193, 0, 0, 0, 27044, 0, 0, 0, 0, 0, 0, 0, 0, 0, 0, 431, 196, 0, 0, 163, 2178]
[43295, 13, 0, 0, 3843, 1067, 0, 0, 0, 0, 0, 0, 0, 0, 0, 0, 236, 0, 0, 0, 4531, 1690, 0, 0, 25, 108, 6, 0, 0, 0, 0, 0, 0, 0, 0, 0, 6704, 20, 0, 0, 23237, 426, 5, 0, 1, 7, 1, 0, 0, 0, 0, 0, 0, 0, 0, 0, 10612, 175, 0, 0, 1911, 372, 19, 0]
[70068, 0, 0, 0, 10447, 18, 0, 0, 689, 11, 0, 0, 0, 0, 0, 0, 97, 0, 0, 0, 1386, 573, 0, 0, 1066, 308, 5, 0, 0, 0, 1, 0, 0, 0, 0, 0, 325, 83, 0, 0, 2570, 1462, 635, 9, 1, 35, 80, 8, 0, 0, 0, 0, 0, 0, 0, 0, 1754, 2226, 585, 1, 36, 989, 2134, 702]
[31694, 0, 0, 0, 16181, 32, 0, 0, 0, 0, 0, 0, 0, 0, 0, 0, 1247, 0, 0, 0, 14187, 2542, 0, 0, 1488, 524, 0, 0, 0, 0, 0, 0, 83, 14, 0, 0, 712, 423, 0, 0, 936, 768, 8, 0, 0, 0, 1, 0, 27, 8, 0, 0, 2265, 21252, 94, 0, 3021, 460, 162, 0, 155, 19, 1, 0]
[32347, 0, 0, 0, 8243, 108, 0, 0, 0, 0, 0, 0, 0, 0, 0, 0, 5809, 31, 0, 0, 3863, 4910, 0, 0, 89, 2724, 53, 0, 0, 0, 0, 0, 29402, 216, 0, 0, 2490, 492, 0, 0, 333, 643, 208, 0, 0, 4, 43, 0, 1654, 560, 0, 0, 783, 1020, 101, 0, 1494, 449, 191, 0, 13, 30, 1, 0]
[20520, 27112, 0, 0, 2743, 18572, 0, 0, 0, 0, 0, 0, 0, 0, 0, 0, 873, 234, 0, 0, 1943, 341, 0, 0, 1163, 341, 3, 0, 0, 0, 0, 0, 4752, 356, 0, 0, 878, 523, 1, 0, 2313, 2201, 125, 0, 42, 1221, 577, 4, 6082, 1097, 0, 0, 142, 986, 120, 0, 49, 310, 458, 35, 33, 586, 1231, 337]
[4874, 438, 0, 0, 26, 316, 1338, 0, 0, 0, 0, 0, 0, 0, 0, 0, 152, 8, 0, 0, 185, 1108, 10270, 926, 0, 9, 5202, 71664, 0, 0, 0, 0, 16, 8, 0, 0, 5, 102, 54, 0, 0, 52, 535, 57, 0, 0, 23, 37, 16, 27, 0, 0, 0, 20, 1, 0, 0, 2, 53, 8, 0, 0, 129, 643]
[3749, 171, 0, 0, 3, 31, 0, 0, 0, 0, 0, 0, 0, 0, 0, 0, 90, 30, 0, 0, 22, 36739, 52911, 0, 0, 0, 17, 0, 0, 0, 0, 0, 1, 0, 0, 0, 5, 30, 29, 0, 0, 5, 2261, 397, 0, 0, 0, 8, 0, 0, 0, 0, 0, 0, 0, 0, 0, 0, 10, 90, 0, 0, 0, 1705]
[5912, 176, 0, 0, 65, 91, 0, 0, 0, 0, 0, 0, 0, 0, 0, 0, 29, 37, 0, 0, 259, 8747, 67137, 0, 0, 10, 9008, 0, 0, 0, 0, 0, 0, 0, 0, 0, 1, 15, 24, 0, 0, 19, 3091, 604, 0, 0, 0, 19, 0, 0, 0, 0, 0, 0, 0, 0, 0, 0, 10, 103, 0, 0, 4, 2943]
[3194, 741, 0, 0, 0, 119, 35, 0, 0, 0, 0, 0, 0, 0, 0, 0, 67, 44, 0, 0, 22, 738, 574, 5, 0, 2, 625, 90004, 0, 0, 0, 0, 4, 0, 0, 0, 25, 112, 17, 0, 2, 195, 578, 523, 0, 0, 19, 209, 0, 0, 0, 0, 0, 0, 0, 0, 0, 44, 24, 2, 0, 0, 89, 291]
[4359, 1308, 0, 0, 0, 886, 10063, 0, 0, 0, 0, 0, 0, 0, 0, 0, 37, 36, 0, 0, 0, 1447, 69676, 0, 0, 0, 5688, 0, 0, 0, 0, 0, 0, 0, 0, 0, 0, 43, 38, 0, 0, 0, 1991, 656, 0, 0, 0, 64, 0, 0, 0, 0, 0, 0, 0, 0, 0, 0, 30, 136, 0, 0, 1, 1845]
[25579, 2688, 0, 0, 11163, 13306, 0, 0, 0, 0, 0, 0, 0, 0, 0, 0, 0, 23, 0, 0, 1025, 23511, 112, 0, 0, 5538, 2900, 0, 0, 0, 0, 0, 0, 0, 0, 0, 0, 160, 11, 0, 0, 9, 615, 6, 0, 0, 21, 69, 0, 0, 0, 0, 0, 0, 0, 0, 0, 0, 0, 0, 0, 0, 0, 11568]
[4564, 86, 0, 0, 1, 10, 0, 0, 0, 0, 0, 0, 0, 0, 0, 0, 175, 126, 0, 0, 25, 1752, 507, 0, 0, 0, 3, 0, 0, 0, 0, 0, 1, 77, 0, 0, 4, 187, 450, 0, 0, 1, 1391, 12616, 0, 0, 0, 3802, 3, 23, 0, 0, 0, 2, 0, 0, 0, 0, 0, 32, 0, 0, 1, 72465]
[5680, 857, 0, 0, 7, 194, 0, 0, 0, 0, 0, 0, 0, 0, 0, 0, 707, 357, 0, 0, 1184, 4418, 1031, 0, 0, 0, 208, 0, 0, 0, 0, 0, 1, 34, 0, 0, 285, 106, 104, 0, 31, 71, 1837, 652, 0, 0, 0, 1185, 0, 0, 0, 0, 0, 0, 1, 0, 0, 13, 66, 88, 0, 0, 22, 79165]
[3174, 516, 1, 0, 0, 116, 488, 47735, 0, 0, 0, 8862, 0, 0, 0, 0, 358, 448, 0, 0, 54, 1818, 1278, 5546, 0, 3, 184, 20337, 0, 0, 0, 0, 0, 0, 0, 0, 0, 111, 74, 0, 0, 51, 1283, 2610, 0, 0, 1, 2004, 0, 0, 0, 0, 0, 0, 0, 0, 0, 0, 65, 45, 0, 0, 61, 1081]
[4296, 549, 8, 0, 2, 233, 7825, 0, 0, 0, 1276, 0, 0, 0, 0, 0, 127, 42, 0, 0, 49, 733, 1504, 2, 0, 3, 25562, 53458, 0, 0, 0, 0, 35, 14, 0, 0, 1, 20, 22, 0, 0, 0, 490, 495, 0, 0, 0, 457, 49, 1, 0, 0, 0, 13, 1, 0, 0, 1, 19, 1, 0, 0, 0, 1016]
[7322, 156, 0, 0, 0, 22, 0, 0, 0, 0, 0, 0, 0, 0, 0, 0, 213, 140, 0, 0, 47, 3657, 170, 0, 0, 0, 48, 0, 0, 0, 0, 0, 0, 0, 0, 0, 0, 136, 341, 0, 0, 10, 1969, 150, 0, 0, 0, 9968, 0, 0, 0, 0, 0, 0, 0, 0, 0, 0, 0, 4, 0, 0, 1, 73950]
[4025, 393, 0, 0, 9, 54, 1, 0, 0, 0, 0, 0, 0, 0, 0, 0, 151, 84, 0, 0, 125, 3410, 1027, 0, 0, 2, 25, 0, 0, 0, 0, 0, 0, 0, 0, 0, 1, 82, 177, 0, 3, 65, 1863, 1093, 0, 0, 0, 15405, 0, 0, 0, 0, 0, 0, 0, 0, 0, 7, 45, 66, 0, 2, 34, 70155]
[4812, 23, 0, 0, 1, 13, 0, 0, 0, 0, 0, 0, 0, 0, 0, 0, 0, 0, 0, 0, 0, 252, 24, 0, 0, 0, 8, 0, 0, 0, 0, 0, 0, 0, 0, 0, 0, 1, 2, 0, 0, 0, 355, 1094, 0, 0, 1, 8597, 0, 0, 0, 0, 0, 0, 0, 0, 0, 0, 0, 4, 0, 0, 4, 83113]
[2206, 152, 0, 0, 36, 176, 14, 0, 0, 0, 0, 0, 0, 0, 0, 0, 6, 3, 0, 0, 44, 2180, 268, 0, 0, 99, 252, 0, 0, 0, 0, 0, 0, 0, 0, 0, 0, 8, 7, 0, 0, 51, 2867, 1276, 0, 0, 4, 21026, 0, 0, 0, 0, 0, 0, 0, 0, 0, 0, 6, 10, 0, 0, 0, 67613]
[4382, 2201, 67, 0, 0, 314, 19348, 49803, 0, 0, 12, 11528, 0, 0, 0, 0, 1923, 173, 0, 0, 45, 919, 884, 143, 0, 0, 156, 3181, 0, 0, 0, 0, 23, 0, 0, 0, 38, 1369, 998, 0, 0, 4, 416, 57, 0, 0, 0, 7, 0, 0, 0, 0, 0, 21, 58, 0, 0, 0, 33, 21, 0, 0, 8, 172]
[1976, 1513, 5, 0, 0, 9, 2534, 13059, 0, 0, 0, 0, 0, 0, 0, 0, 4, 115, 0, 0, 0, 288, 11221, 64062, 0, 0, 32, 1800, 0, 0, 0, 0, 1, 0, 0, 0, 0, 0, 107, 15, 0, 0, 244, 1206, 0, 0, 0, 0, 0, 0, 0, 0, 0, 0, 0, 0, 0, 0, 1, 32, 0, 0, 0, 80]
[28461, 1, 0, 0, 801, 27, 0, 0, 0, 0, 0, 0, 0, 0, 0, 0, 6742, 11, 0, 0, 20121, 896, 0, 0, 24, 19, 3, 0, 0, 0, 0, 0, 2162, 0, 0, 0, 14211, 2024, 1, 0, 1390, 2841, 29, 0, 0, 0, 0, 0, 0, 0, 0, 0, 5213, 733, 0, 0, 57, 1794, 159, 0, 0, 36, 291, 10257]
[9369, 36, 0, 0, 7084, 183, 0, 0, 0, 0, 0, 0, 0, 0, 0, 0, 1024, 11, 0, 0, 19723, 35425, 0, 0, 2703, 6394, 0, 0, 0, 0, 0, 0, 6, 0, 0, 0, 64, 1029, 25, 0, 6346, 4637, 723, 0, 2, 85, 7, 0, 0, 0, 0, 0, 0, 7, 0, 0, 1, 77, 785, 5, 1, 68, 230, 2254]
[21679, 4, 0, 0, 11794, 158, 0, 0, 1, 0, 0, 0, 0, 0, 0, 0, 903, 1, 0, 0, 16646, 8148, 7, 0, 8018, 7627, 1, 0, 0, 0, 0, 0, 0, 0, 0, 0, 187, 1095, 32, 0, 4290, 5284, 1476, 2, 141, 2030, 237, 0, 0, 0, 0, 0, 0, 0, 0, 0, 0, 5, 1017, 526, 106, 1678, 467, 4744]
[26973, 20, 0, 0, 13715, 210, 0, 0, 0, 0, 0, 0, 0, 0, 0, 0, 1808, 200, 0, 0, 22322, 20859, 19, 0, 943, 2123, 3, 0, 0, 0, 0, 0, 110, 13, 0, 0, 164, 1418, 41, 0, 1921, 3374, 657, 0, 0, 24, 3, 0, 0, 0, 0, 0, 4, 65, 0, 0, 0, 19, 262, 28, 0, 26, 47, 933]
[11623, 514, 0, 0, 5064, 649, 0, 0, 0, 0, 0, 0, 0, 0, 0, 0, 652, 115, 0, 0, 17129, 40725, 51, 0, 2352, 4763, 5, 0, 0, 0, 0, 0, 0, 0, 0, 0, 24, 1150, 140, 0, 2221, 5555, 1886, 1, 8, 592, 149, 0, 0, 0, 0, 0, 0, 0, 0, 0, 0, 0, 917, 301, 0, 182, 152, 1384]
[16519, 30, 0, 0, 9778, 1076, 73, 0, 1, 19, 18, 0, 0, 0, 0, 0, 2478, 1, 0, 0, 10766, 14784, 96, 0, 1776, 12329, 2242, 320, 0, 2, 7, 109, 143, 0, 0, 0, 2769, 3418, 1, 0, 1, 10105, 3770, 138, 0, 228, 344, 1095, 0, 0, 0, 0, 0, 81, 0, 0, 0, 471, 1178, 0, 0, 1, 932, 1205]
[54292, 138, 0, 0, 9675, 620, 0, 0, 0, 0, 0, 0, 0, 0, 0, 0, 10291, 38, 0, 0, 6046, 4079, 200, 0, 0, 8, 2, 0, 0, 0, 0, 0, 222, 0, 0, 0, 191, 852, 120, 0, 0, 491, 2000, 52, 0, 0, 0, 0, 0, 0, 0, 0, 0, 0, 0, 0, 0, 27, 2424, 147, 0, 0, 1003, 5386]
[10178, 0, 0, 0, 6569, 61, 0, 0, 0, 0, 0, 0, 0, 0, 0, 0, 10331, 6, 0, 0, 42112, 7927, 725, 0, 1, 214, 382, 0, 0, 0, 0, 0, 1495, 0, 0, 0, 2076, 1227, 24, 0, 0, 681, 1554, 32, 0, 0, 15, 0, 0, 0, 0, 0, 9, 63, 0, 0, 0, 330, 319, 4, 0, 0, 2239, 9730]
[4718, 103, 0, 0, 2154, 416, 0, 0, 5, 1, 0, 0, 0, 0, 0, 0, 617, 119, 0, 0, 9535, 4536, 22, 0, 11505, 22737, 2, 0, 0, 0, 0, 0, 81, 4, 0, 0, 366, 1188, 40, 0, 10379, 14332, 299, 7, 2526, 4587, 138, 0, 0, 0, 0, 0, 3, 502, 0, 0, 0, 45, 168, 53, 1839, 2956, 288, 2033]
[22786, 53, 0, 0, 14195, 1698, 204, 0, 0, 0, 0, 0, 0, 0, 0, 0, 2883, 10, 0, 0, 14551, 15300, 496, 0, 689, 6253, 1524, 542, 0, 0, 0, 0, 82, 0, 0, 0, 720, 3563, 36, 0, 0, 3262, 3053, 57, 0, 0, 51, 15, 0, 0, 0, 0, 0, 0, 0, 0, 0, 127, 1263, 2, 0, 0, 1026, 3863]
[49727, 17, 0, 0, 22717, 64, 0, 0, 0, 0, 0, 0, 0, 0, 0, 0, 3015, 5, 0, 0, 7054, 6300, 10, 0, 6, 587, 2, 0, 0, 0, 0, 0, 0, 0, 0, 0, 58, 1001, 63, 0, 0, 631, 2119, 0, 0, 0, 0, 0, 0, 0, 0, 0, 0, 0, 0, 0, 0, 97, 2117, 260, 0, 0, 245, 2209]
